1 2 64 3 132 4 16.8 5 51.2 6 88.8 7 52 15 92.8 16 108.8 27 107.2 
2 1 64 3 84 12 78.4 42 67.2 
3 1 132 2 84 4 116.8 5 148.8 14 76 15 40.8 16 40 27 54.4 30 43.2 33 96.8 
4 1 16.8 3 116.8 10 64 18 44.8 
5 1 51.2 3 148.8 8 27.2 9 48 24 57.6 25 104 27 107.2 
6 1 88.8 7 51.2 23 67.2 32 60 35 83.2 42 64 
7 1 52 6 51.2 8 27.2 9 32 
8 5 27.2 7 27.2 10 75.2 34 89.6 40 56 41 76.8 
9 5 48 7 32 11 27.2 14 92.8 
10 4 64 8 75.2 13 57.6 14 102.4 
11 9 27.2 13 38.4 17 57.6 42 43.2 
12 2 78.4 14 62.4 17 29.6 
13 10 57.6 11 38.4 19 72 
14 3 76 9 92.8 10 102.4 12 62.4 18 25.6 
15 1 92.8 3 40.8 17 71.2 19 28.8 
16 1 108.8 3 40 18 59.2 30 82.4 
17 11 57.6 12 29.6 15 71.2 19 50.4 
18 4 44.8 14 25.6 16 59.2 
19 13 72 15 28.8 17 50.4 
20 21 32 24 42.4 31 58.4 34 56 
21 20 32 23 20.8 25 42.4 31 36 
22 31 45.6 32 65.6 34 27.2 
23 6 67.2 21 20.8 38 58.4 39 45.6 
24 5 57.6 20 42.4 40 48.8 
25 5 104 21 42.4 28 20.8 34 52 
26 27 40.8 35 42.4 36 51.2 37 59.2 
27 1 107.2 3 54.4 5 107.2 26 40.8 
28 25 20.8 29 20 39 44 
29 28 20 30 40.8 37 72.8 
30 3 43.2 16 82.4 29 40.8 33 65.6 
31 20 58.4 21 36 22 45.6 32 48.8 
32 6 60 22 65.6 31 48.8 
33 3 96.8 30 65.6 35 68 36 68 37 43.2 
34 8 89.6 20 56 22 27.2 25 52 40 84.8 
35 6 83.2 26 42.4 33 68 38 51.2 
36 26 51.2 33 68 40 112 41 101.6 
37 26 59.2 29 72.8 33 43.2 38 99.2 39 36.8 
38 23 58.4 35 51.2 37 99.2 39 75.2 41 41.6 
39 23 45.6 28 44 37 36.8 38 75.2 
40 8 56 24 48.8 34 84.8 36 112 41 24.8 
41 8 76.8 36 101.6 38 41.6 40 24.8 
42 2 67.2 6 64 11 43.2 
